000
 00 (0.196891)
 01 (0.689119)
 10 (0.0725389)
 11 (0.0414508)
001
 00 (0.130952)
 01 (0.416667)
 10 (0.214286)
 11 (0.238095)
010
 00 (0.201439)
 01 (0.18705)
 10 (0.18705)
 11 (0.42446)
011
 00 (0.470032)
 01 (0.0347003)
 10 (0.0788644)
 11 (0.416404)
100
 00 (0.268657)
 01 (0.38806)
 10 (0.328358)
 11 (0.0149254)
101
 00 (0.202899)
 01 (0.507246)
 10 (0.202899)
 11 (0.0869565)
110
 00 (0.0216763)
 01 (0.213873)
 10 (0.00867052)
 11 (0.75578)
111
 00 (0.00613497)
 01 (0.0858896)
 10 (0.0224949)
 11 (0.885481)

